0 0.00546875 0.209375 0.0109375 0.05625
0 0.0671875 0.2140625 0.04375 0.0421875
0 0.825 0.08515625 0.10625 0.1359375
0 0.42890625 0.93359375 0.1359375 0.1328125
0 0.971875 0.63515625 0.05625 0.1390625
0 0.97890625 0.91796875 0.0421875 0.1265625
0 0.915625 0.8640625 0.0796875 0.1015625
0 0.82734375 0.80234375 0.1046875 0.1265625
0 0.6796875 0.8328125 0.08125 0.125
0 0.6640625 0.98125 0.075 0.0375
0 0.8296875 0.9859375 0.059375 0.028125
3 0.9109375 0.53125 0.178125 0.403125
3 0.85859375 0.60703125 0.2421875 0.5546875
3 0.71171875 0.6265625 0.1859375 0.59375
3 0.66640625 0.58125 0.0953125 0.503125
3 0.846875 0.87890625 0.16875 0.2421875
1 0.84375 0.4984375 0.0859375 0.0765625