0 0.22578125 0.15 0.165625 0.1734375
0 0.3640625 0.0140625 0.071875 0.028125
0 0.38515625 0.1421875 0.0484375 0.0484375
0 0.38984375 0.209375 0.046875 0.05625
0 0.34453125 0.2984375 0.071875 0.071875
0 0.3734375 0.03125 0.0484375 0.0484375
3 0.19765625 0.29921875 0.3953125 0.2015625
3 0.1328125 0.18984375 0.265625 0.3796875
3 0.23125 0.06953125 0.3 0.1390625
3 0.33359375 0.21015625 0.21875 0.0890625
3 0.33515625 0.13671875 0.1671875 0.0828125
0 0.75625 0.27265625 0.44375 0.2546875
0 0.903125 0.58984375 0.19375 0.1515625