3 0.20703125 0.33984375 0.3890625 0.6796875
1 0.134375 0.26796875 0.096875 0.0953125
4 0.6421875 0.2015625 0.1 0.1
4 0.7546875 0.3109375 0.146875 0.359375
2 0.78828125 0.3671875 0.034375 0.0328125
0 0.6328125 0.1453125 0.0203125 0.0203125
4 0.40234375 0.7421875 0.1953125 0.125
4 0.13515625 0.83984375 0.2703125 0.3203125
2 0.46640625 0.721875 0.0671875 0.06875
3 0.825 0.88046875 0.203125 0.2015625
3 0.70234375 0.85859375 0.0859375 0.1703125
3 0.93515625 0.82890625 0.103125 0.1015625
0 0.81640625 0.7671875 0.0375 0.04375
0 0.9296875 0.7703125 0.021875 0.021875
0 0.7375 0.77265625 0.0125 0.0140625
1 0.7921875 0.91875 0.0265625 0.021875