1 0.03359375 0.18359375 0.0671875 0.1015625
3 0.1625 0.225 0.325 0.45
4 0.5109375 0.234375 0.1625 0.43125
4 0.73125 0.28203125 0.415625 0.3359375
2 0.77265625 0.3125 0.0734375 0.0390625
2 0.490625 0.28359375 0.0765625 0.03125
0 0.43671875 0.76640625 0.0140625 0.1046875
0 0.4984375 0.853125 0.125 0.125
0 0.553125 0.81796875 0.065625 0.140625
0 0.6578125 0.7875 0.0484375 0.109375
0 0.71640625 0.8390625 0.0625 0.146875
0 0.8 0.8171875 0.0453125 0.09375
0 0.83984375 0.79921875 0.053125 0.125
0 0.91015625 0.8671875 0.0734375 0.1625