0 0.453125 0.51640625 0.053125 0.1265625
0 0.32421875 0.38046875 0.1578125 0.1578125
0 0.959375 0.36796875 0.08125 0.1359375
0 0.75078125 0.40859375 0.0859375 0.0828125
0 0.5734375 0.40625 0.0625 0.08125
0 0.86328125 0.3859375 0.0375 0.0484375
0 0.90078125 0.37734375 0.0359375 0.04375
0 0.26953125 0.73125 0.1046875 0.103125
0 0.1171875 0.70546875 0.0578125 0.090625
0 0.0515625 0.7109375 0.0578125 0.08125
3 0.28984375 0.67890625 0.1515625 0.1984375
3 0.1984375 0.68046875 0.109375 0.2015625
3 0.12265625 0.6671875 0.0984375 0.175
3 0.05390625 0.68359375 0.1078125 0.2078125