0 0.3921875 0.13984375 0.0953125 0.09375
0 0.35546875 0.3546875 0.1125 0.1109375
0 0.3984375 0.4765625 0.090625 0.065625
0 0.40703125 0.01484375 0.0671875 0.0296875
0 0.44140625 0.03203125 0.0546875 0.0359375
0 0.45859375 0.0140625 0.0203125 0.025
0 0.45078125 0.33984375 0.0359375 0.0265625
0 0.4609375 0.3578125 0.015625 0.03125
0 0.42265625 0.1953125 0.0796875 0.034375
0 0.9453125 0.44453125 0.109375 0.1296875
3 0.234375 0.72734375 0.46875 0.4359375
1 0.08203125 0.540625 0.1140625 0.0625
0 0.89609375 0.6546875 0.146875 0.14375