0 0.3015625 0.7703125 0.25625 0.28125
0 0.5953125 0.9171875 0.140625 0.121875
0 0.9703125 0.978125 0.059375 0.04375
0 0.87734375 0.9125 0.128125 0.0953125
0 0.821875 0.825 0.103125 0.08125
0 0.75859375 0.73828125 0.128125 0.1046875
0 0.78671875 0.58984375 0.1265625 0.0828125
0 0.84296875 0.49765625 0.0984375 0.0765625
0 0.66171875 0.48359375 0.1390625 0.0671875
0 0.95 0.571875 0.06875 0.0765625
0 0.9640625 0.73671875 0.071875 0.0609375
0 0.97890625 0.775 0.0421875 0.059375
4 0.5625 0.8671875 0.265625 0.265625
4 0.63671875 0.7734375 0.4140625 0.253125
4 0.6546875 0.61328125 0.45 0.2203125
4 0.6078125 0.54375 0.35625 0.1875
4 0.85703125 0.75546875 0.2859375 0.1734375
4 0.7828125 0.47734375 0.39375 0.0546875
2 0.46171875 0.759375 0.0640625 0.0875