0 0.07265625 0.284375 0.125 0.121875
0 0.03125 0.971875 0.0625 0.05625
0 0.08125 0.9234375 0.1109375 0.084375
0 0.25 0.78046875 0.1390625 0.11875
0 0.015625 0.78125 0.03125 0.09375
0 0.0359375 0.69140625 0.071875 0.0796875
0 0.08359375 0.60390625 0.1265625 0.103125
0 0.0578125 0.4828125 0.115625 0.028125
3 0.3515625 0.90859375 0.675 0.1828125
3 0.4203125 0.78203125 0.5375 0.3671875
3 0.34453125 0.63515625 0.6890625 0.2421875
3 0.29296875 0.525 0.5859375 0.1125
3 0.06328125 0.6234375 0.1265625 0.16875
1 0.3875 0.6203125 0.0765625 0.0859375
0 0.815625 0.5453125 0.0984375 0.059375
0 0.803125 0.87734375 0.1359375 0.071875
3 0.88046875 0.6796875 0.2390625 0.153125
3 0.878125 0.87890625 0.24375 0.1515625
3 0.871875 0.95625 0.25625 0.0875
3 0.88515625 0.55546875 0.2296875 0.1265625