0 0.0828125 0.55859375 0.121875 0.0484375
0 0.09296875 0.471875 0.0765625 0.078125
0 0.046875 0.384375 0.09375 0.071875
0 0.04921875 0.33125 0.0984375 0.1
0 0.08515625 0.228125 0.1078125 0.040625
0 0.04296875 0.1671875 0.0859375 0.1
0 0.0625 0.084375 0.065625 0.065625
0 0.0828125 0.04609375 0.084375 0.0859375
4 0.69453125 0.16015625 0.3109375 0.1484375
2 0.7140625 0.19140625 0.0375 0.0359375
4 0.47578125 0.81875 0.1265625 0.115625
0 0.46328125 0.97890625 0.0734375 0.0421875
0 0.43046875 0.82265625 0.040625 0.034375
4 0.490625 0.7015625 0.096875 0.125