0 0.29296875 0.35234375 0.0484375 0.0140625
0 0.8390625 0.2859375 0.1390625 0.1421875
0 0.0765625 0.684375 0.1171875 0.1359375
0 0.05078125 0.9515625 0.0921875 0.096875
0 0.14375 0.9203125 0.078125 0.1015625
0 0.2375 0.86640625 0.1015625 0.125
0 0.38203125 0.909375 0.0796875 0.125
0 0.46640625 0.9625 0.0734375 0.075
0 0.49375 0.79765625 0.05 0.1359375
3 0.1359375 0.56953125 0.271875 0.4203125
3 0.23046875 0.65234375 0.2296875 0.5859375
3 0.38125 0.6875 0.2 0.6234375
3 0.45234375 0.6375 0.1328125 0.55625
3 0.20859375 0.9109375 0.1640625 0.178125
3 0.4953125 0.86328125 0.046875 0.2734375
1 0.2484375 0.56171875 0.0859375 0.075
1 0.49296875 0.4828125 0.0515625 0.075
0 0.6234375 0.775 0.1515625 0.1515625
0 0.71796875 0.75859375 0.096875 0.1875
3 0.7046875 0.634375 0.3125 0.55