3 0.33359375 0.30078125 0.075 0.1828125
3 0.49453125 0.24453125 0.0890625 0.3265625
0 0.528125 0.3796875 0.021875 0.05
1 0.34609375 0.26875 0.01875 0.0171875
0 0.678125 0.44609375 0.153125 0.1265625
0 0.9078125 0.4453125 0.125 0.128125
0 0.95390625 0.42734375 0.0921875 0.1640625
0 0.80234375 0.38046875 0.09375 0.1328125
1 0.7234375 0.03046875 0.115625 0.0609375
0 0.12734375 0.9703125 0.0890625 0.059375
3 0.85703125 0.8703125 0.1359375 0.259375
3 0.96796875 0.965625 0.0640625 0.06875
1 0.82734375 0.83671875 0.0234375 0.0234375