3 0.32421875 0.096875 0.2296875 0.19375
1 0.4203125 0.115625 0.0375 0.0359375
1 0.0453125 0.046875 0.040625 0.0421875
1 0.2390625 0.1328125 0.040625 0.0296875
3 0.8890625 0.25234375 0.221875 0.2328125
3 0.9671875 0.17265625 0.065625 0.1484375
1 0.92109375 0.321875 0.0296875 0.0265625
0 0.98984375 0.11171875 0.0203125 0.0234375
3 0.2265625 0.80078125 0.1171875 0.11875
3 0.1484375 0.7921875 0.0640625 0.14375
0 0.22890625 0.73515625 0.025 0.025
0 0.14453125 0.73359375 0.0203125 0.025
3 0.8734375 0.7515625 0.2078125 0.2078125
1 0.84296875 0.83125 0.034375 0.028125
0 0.8828125 0.628125 0.0359375 0.0359375
1 0.6015625 0.8625 0.04375 0.04375
3 0.6609375 0.78515625 0.196875 0.4296875