3 0.11328125 0.16328125 0.2265625 0.0890625
3 0.0765625 0.040625 0.153125 0.08125
0 0.015625 0.1734375 0.03125 0.034375
1 0.14453125 0.15078125 0.0234375 0.025
3 0.7203125 0.29375 0.2703125 0.1125
1 0.7578125 0.3265625 0.0234375 0.028125
3 0.89296875 0.68046875 0.2140625 0.0984375
3 0.890625 0.77109375 0.21875 0.0984375
3 0.88828125 0.84375 0.2234375 0.084375
0 0.81484375 0.77265625 0.05625 0.0390625
0 0.81171875 0.8328125 0.0453125 0.0296875
1 0.93203125 0.69140625 0.0296875 0.028125
1 0.90859375 0.79765625 0.0140625 0.0296875