3 0.1625 0.1453125 0.134375 0.290625
3 0.3890625 0.259375 0.20625 0.51875
0 0.153125 0.0203125 0.040625 0.040625
1 0.16015625 0.125 0.04375 0.01875
1 0.4 0.28359375 0.05625 0.0234375
4 0.66796875 0.284375 0.2390625 0.46875
2 0.71875 0.51328125 0.065625 0.0109375
4 0.1953125 0.8515625 0.290625 0.296875
2 0.23671875 0.9421875 0.0640625 0.034375
4 0.5828125 0.6078125 0.0875 0.178125
4 0.78359375 0.5578125 0.0734375 0.078125
4 0.92421875 0.584375 0.0984375 0.13125
4 0.9734375 0.55703125 0.053125 0.0765625
2 0.5515625 0.596875 0.025 0.021875
2 0.934375 0.6015625 0.0265625 0.021875