3 0.103125 0.140625 0.18125 0.28125
3 0.24453125 0.14375 0.1640625 0.2875
0 0.1046875 0.2453125 0.0609375 0.0640625
1 0.3046875 0.0765625 0.03125 0.034375
0 0.14140625 0.2890625 0.028125 0.025
0 0.63984375 0.55 0.0421875 0.05625
4 0.62265625 0.40078125 0.1203125 0.3546875
4 0.85234375 0.38984375 0.2375 0.2359375
2 0.6484375 0.353125 0.03125 0.03125
2 0.90625 0.34609375 0.0265625 0.0234375
4 0.36484375 0.93984375 0.2984375 0.1203125
4 0.64296875 0.76953125 0.1109375 0.1609375
4 0.95 0.784375 0.1 0.190625
0 0.9828125 0.85390625 0.034375 0.0421875
0 0.63515625 0.82734375 0.0375 0.0359375
2 0.865625 0.74140625 0.01875 0.01875