2 0.690625 0.47578125 0.034375 0.0078125
4 0.5390625 0.21875 0.140625 0.078125
2 0.54375 0.2296875 0.015625 0.01875
3 0.41796875 0.7828125 0.1015625 0.09375
3 0.41484375 0.6921875 0.1078125 0.09375
3 0.4125 0.61953125 0.1125 0.0796875
0 0.39453125 0.6921875 0.053125 0.0390625
0 0.38984375 0.63203125 0.04375 0.028125
3 0.6296875 0.65625 0.321875 0.128125
1 0.6875 0.61796875 0.0359375 0.0359375
3 0.734375 0.9296875 0.53125 0.140625
0 0.515625 0.93203125 0.0890625 0.084375
1 0.86640625 0.9046875 0.0671875 0.0671875
0 0.478125 0.76796875 0.01875 0.0171875