3 0.203125 0.44296875 0.19375 0.1328125
3 0.0890625 0.21953125 0.103125 0.0359375
3 0.11171875 0.34375 0.0859375 0.0859375
1 0.2421875 0.50078125 0.01875 0.0171875
0 0.059375 0.34921875 0.015625 0.015625
0 0.04609375 0.22109375 0.015625 0.0140625
0 0.60078125 0.10546875 0.1421875 0.2109375
0 0.2234375 0.85390625 0.346875 0.2921875
4 0.8203125 0.56484375 0.309375 0.1109375
4 0.79921875 0.8265625 0.4015625 0.16875
4 0.7140625 0.6203125 0.10625 0.1078125
0 0.65078125 0.61328125 0.021875 0.021875
0 0.63515625 0.8453125 0.071875 0.0640625
2 0.91015625 0.8625 0.0328125 0.0453125