1 0.28203125 0.41171875 0.09375 0.0953125
0 0.82109375 0.4640625 0.09375 0.0953125
0 0.60625 0.42734375 0.0953125 0.128125
0 0.4921875 0.4703125 0.046875 0.090625
0 0.94921875 0.4796875 0.034375 0.0671875
0 0.92890625 0.51328125 0.034375 0.0546875
0 0.94609375 0.534375 0.025 0.0265625
0 0.62109375 0.528125 0.0265625 0.0453125
0 0.60234375 0.540625 0.01875 0.04375
0 0.659375 0.56484375 0.0125 0.0203125
0 0.765625 0.49453125 0.034375 0.0796875
3 0.234375 0.88984375 0.46875 0.2203125
1 0.16875 0.84921875 0.26875 0.05625
3 0.73671875 0.88984375 0.5265625 0.2203125
1 0.79296875 0.81796875 0.2609375 0.0390625