3 0.309375 0.246875 0.51875 0.49375
1 0.3640625 0.240625 0.1578125 0.1578125
4 0.73515625 0.25546875 0.3328125 0.5109375
2 0.5921875 0.25078125 0.046875 0.1546875
4 0.8140625 0.0140625 0.159375 0.028125
3 0.284375 0.76484375 0.56875 0.4703125
1 0.271875 0.7703125 0.1609375 0.1640625
0 0.690625 0.76328125 0.096875 0.0953125
0 0.65625 0.5671875 0.115625 0.075
0 0.703125 0.8921875 0.0671875 0.0359375
0 0.7375 0.871875 0.0546875 0.0359375
0 0.75859375 0.88984375 0.0265625 0.025
0 0.7578125 0.56484375 0.0453125 0.0265625
0 0.77109375 0.54609375 0.0453125 0.01875
0 0.79375 0.60390625 0.0203125 0.0140625
0 0.721875 0.70859375 0.0796875 0.0359375