3 0.26484375 0.3046875 0.5296875 0.475
1 0.2109375 0.42109375 0.090625 0.171875
0 0.59140625 0.45 0.1125 0.134375
0 0.6484375 0.321875 0.1375 0.0828125
0 0.6078125 0.22421875 0.078125 0.078125
0 0.62734375 0.16640625 0.0625 0.071875
0 0.63046875 0.034375 0.0609375 0.059375
0 0.62734375 0.0078125 0.0578125 0.015625
0 0.58359375 0.12109375 0.05 0.0390625
1 0.35234375 0.71015625 0.0703125 0.2203125
3 0.26484375 0.7359375 0.5296875 0.271875
1 0.31171875 0.99140625 0.0484375 0.0171875
3 0.678125 0.91953125 0.296875 0.1609375