3 0.2453125 0.18984375 0.36875 0.3796875
0 0.690625 0.24609375 0.33125 0.2328125
0 0.71953125 0.1078125 0.4234375 0.215625
0 0.3328125 0.61875 0.1296875 0.1296875
0 0.32265625 0.6890625 0.0625 0.0625
0 0.35625 0.93671875 0.09375 0.0828125
0 0.26640625 0.4140625 0.1078125 0.06875
3 0.2078125 0.615625 0.415625 0.471875
3 0.21015625 0.90703125 0.4203125 0.1859375
3 0.21484375 0.90625 0.4296875 0.1875
0 0.878125 0.39765625 0.1 0.0359375
0 0.8765625 0.68046875 0.0765625 0.075
0 0.91171875 0.82890625 0.0734375 0.040625
0 0.88203125 0.89921875 0.1078125 0.0734375
0 0.90859375 0.95078125 0.0796875 0.0484375