0 0.11328125 0.3078125 0.2265625 0.14375
0 0.35703125 0.51171875 0.1453125 0.09375
0 0.30625 0.5453125 0.0890625 0.0671875
0 0.20234375 0.62421875 0.1046875 0.0921875
0 0.27265625 0.69609375 0.1078125 0.08125
0 0.43671875 0.84453125 0.134375 0.1140625
0 0.1921875 0.40703125 0.1 0.0546875
0 0.0609375 0.434375 0.0859375 0.0515625
0 0.05078125 0.3984375 0.0796875 0.0375
0 0.0140625 0.48359375 0.028125 0.0546875
0 0.10546875 0.634375 0.0921875 0.059375
0 0.08125 0.69453125 0.065625 0.0515625
0 0.0484375 0.70859375 0.065625 0.0546875
0 0.05859375 0.759375 0.06875 0.046875
0 0.15390625 0.83359375 0.1234375 0.0890625
0 0.20546875 0.92421875 0.1 0.0765625
0 0.26328125 0.9828125 0.1234375 0.034375
0 0.04765625 0.98828125 0.0921875 0.0234375
0 0.03046875 0.62890625 0.0609375 0.0546875
0 0.00390625 0.73671875 0.0078125 0.0421875
0 0.0328125 0.9640625 0.065625 0.05625
4 0.4203125 0.496875 0.31875 0.221875
4 0.39453125 0.67578125 0.3703125 0.2453125
4 0.46171875 0.83828125 0.2359375 0.3234375
4 0.38203125 0.9421875 0.3953125 0.115625
4 0.33984375 0.43515625 0.4796875 0.1109375
4 0.15703125 0.95625 0.2984375 0.0875
2 0.55546875 0.98359375 0.0484375 0.0328125