0 0.18203125 0.403125 0.1109375 0.071875
0 0.08671875 0.4 0.0984375 0.078125
3 0.21640625 0.21953125 0.4046875 0.4390625
3 0.15 0.21953125 0.3 0.4390625
1 0.25078125 0.046875 0.0875 0.0890625
0 0.13515625 0.93828125 0.1734375 0.1234375
0 0.953125 0.89921875 0.09375 0.1765625
0 0.78671875 0.93515625 0.103125 0.1015625
0 0.64765625 0.946875 0.1015625 0.10625
0 0.58984375 0.9703125 0.0609375 0.059375
0 0.6234375 0.98203125 0.06875 0.0359375
0 0.50703125 0.93984375 0.0953125 0.096875
0 0.43671875 0.96015625 0.0359375 0.0796875