3 0.21953125 0.2296875 0.4203125 0.459375
0 0.62734375 0.26953125 0.16875 0.1671875
0 0.46953125 0.14453125 0.05 0.0703125
0 0.60546875 0.11171875 0.046875 0.0484375
0 0.67265625 0.1015625 0.05625 0.0453125
0 0.76484375 0.13828125 0.0703125 0.0703125
0 0.49609375 0.13359375 0.0515625 0.0453125
3 0.790625 0.2734375 0.21875 0.371875
3 0.6203125 0.31640625 0.38125 0.2859375
3 0.50078125 0.27421875 0.1421875 0.3703125
3 0.678125 0.15703125 0.0859375 0.21875
3 0.6046875 0.1625 0.08125 0.16875
0 0.0265625 0.61484375 0.053125 0.1234375
0 0.22890625 0.6171875 0.1125 0.1078125
0 0.95703125 0.521875 0.0859375 0.1
0 0.58515625 0.51484375 0.0953125 0.1109375