0 0.0375 0.4234375 0.075 0.153125
0 0.234375 0.3859375 0.090625 0.14375
0 0.96875 0.46015625 0.0625 0.0796875
0 0.853125 0.46640625 0.115625 0.0671875
0 0.79765625 0.4578125 0.0828125 0.084375
0 0.5765625 0.4453125 0.1125 0.109375
0 0.47734375 0.471875 0.1171875 0.05625
0 0.44921875 0.4890625 0.0765625 0.021875
3 0.88671875 0.25 0.2265625 0.5
1 0.95703125 0.0671875 0.0859375 0.090625
1 0.6203125 0.03671875 0.128125 0.0734375
1 0.878125 0.1078125 0.103125 0.0546875
0 0.10703125 0.9625 0.0890625 0.075