0 0.2109375 0.93515625 0.040625 0.0375
0 0.259375 0.76640625 0.03125 0.0296875
0 0.93515625 0.8234375 0.1296875 0.165625
0 0.81875 0.9765625 0.06875 0.046875
0 0.790625 0.83984375 0.0484375 0.0453125
0 0.7828125 0.77265625 0.04375 0.0546875
0 0.8234375 0.68125 0.06875 0.0671875
0 0.80859375 0.95 0.04375 0.05
3 0.88828125 0.66015625 0.2234375 0.2046875
3 0.9296875 0.8296875 0.140625 0.340625
3 0.8828125 0.9421875 0.234375 0.115625
3 0.8390625 0.76875 0.215625 0.078125
3 0.84140625 0.8421875 0.165625 0.075