0 0.365625 0.05078125 0.128125 0.1015625
3 0.23984375 0.2796875 0.4796875 0.559375
4 0.9453125 0.16171875 0.109375 0.3234375
4 0.7953125 0.1 0.096875 0.2
4 0.715625 0.05390625 0.053125 0.1078125
0 0.8 0.01015625 0.03125 0.0203125
2 0.8078125 0.1515625 0.0265625 0.025
4 0.46328125 0.840625 0.0328125 0.1875
4 0.1921875 0.88203125 0.13125 0.2359375
2 0.1734375 0.98515625 0.0296875 0.0234375
2 0.475 0.86796875 0.009375 0.0171875
4 0.82265625 0.7796875 0.3546875 0.440625
2 0.77578125 0.809375 0.1203125 0.0421875