0 0.28671875 0.5234375 0.0453125 0.0125
0 0.68671875 0.059375 0.1234375 0.11875
0 0.740625 0.08828125 0.090625 0.0703125
0 0.85 0.16015625 0.1078125 0.0953125
0 0.784375 0.2359375 0.1109375 0.084375
0 0.63125 0.39609375 0.1390625 0.11875
0 0.946875 0.16328125 0.09375 0.0625
0 0.9703125 0.2203125 0.059375 0.053125
0 0.9875 0.2328125 0.025 0.05625
0 0.98359375 0.28515625 0.0328125 0.0484375
0 0.9125 0.365625 0.1265625 0.09375
0 0.86796875 0.459375 0.1015625 0.0796875
0 0.81484375 0.515625 0.1265625 0.028125
4 0.6328125 0.09296875 0.30625 0.1859375
4 0.6640625 0.2390625 0.36875 0.271875
4 0.6046875 0.38125 0.25 0.296875
4 0.6875 0.4796875 0.415625 0.1
4 0.709375 0.02734375 0.459375 0.0546875
4 0.884375 0.484375 0.23125 0.090625
0 0.23359375 0.6296875 0.053125 0.05