3 0.225 0.2046875 0.45 0.409375
0 0.65234375 0.21484375 0.1859375 0.2328125
0 0.42265625 0.51484375 0.0546875 0.0703125
0 0.33515625 0.634375 0.1140625 0.0875
0 0.3515625 0.73671875 0.103125 0.0671875
0 0.43125 0.74921875 0.0375 0.0546875
0 0.34453125 0.9125 0.103125 0.1
0 0.3828125 0.425 0.103125 0.03125
3 0.190625 0.92109375 0.38125 0.1578125
3 0.215625 0.62421875 0.43125 0.2203125
0 0.95859375 0.5765625 0.0828125 0.159375
0 0.94296875 0.72578125 0.1140625 0.1515625
4 0.725 0.7046875 0.55 0.590625