0 0.31796875 0.06328125 0.1765625 0.1265625
0 0.50390625 0.1625 0.05625 0.096875
0 0.8359375 0.16171875 0.0671875 0.134375
0 0.98125 0.17578125 0.0375 0.0890625
3 0.63046875 0.32734375 0.1359375 0.4234375
3 0.8296875 0.328125 0.134375 0.421875
3 0.91953125 0.32265625 0.0921875 0.4328125
3 0.9765625 0.33046875 0.046875 0.4046875
3 0.50703125 0.32890625 0.1109375 0.4203125
0 0.06875 0.578125 0.08125 0.078125
0 0.278125 0.6296875 0.10625 0.18125
0 0.3609375 0.57734375 0.0875 0.0765625
0 0.92734375 0.61015625 0.1453125 0.1421875
0 0.7546875 0.590625 0.171875 0.103125
3 0.78046875 0.76953125 0.4390625 0.4609375