0 0.07421875 0.34609375 0.1484375 0.2015625
4 0.02890625 0.63125 0.0578125 0.196875
4 0.19921875 0.66171875 0.1375 0.1390625
0 0.0171875 0.71640625 0.021875 0.025
0 0.20546875 0.73984375 0.0234375 0.028125
2 0.0359375 0.58359375 0.01875 0.015625
3 0.7 0.659375 0.0984375 0.2625
3 0.609375 0.665625 0.1796875 0.178125
3 0.53671875 0.68359375 0.0828125 0.23125
0 0.60859375 0.76171875 0.0390625 0.0546875
0 0.5484375 0.76484375 0.0296875 0.0453125
1 0.68984375 0.64453125 0.040625 0.01875
1 0.58359375 0.66796875 0.0296875 0.0140625