4 0.08828125 0.9125 0.1765625 0.175
4 0.19453125 0.8984375 0.3890625 0.203125
4 0.19453125 0.65546875 0.3890625 0.3921875
2 0.15078125 0.9296875 0.1203125 0.1109375
2 0.19140625 0.4796875 0.0828125 0.040625
0 0.46875 0.9171875 0.159375 0.109375
0 0.475 0.75859375 0.1109375 0.1109375
0 0.478125 0.703125 0.1484375 0.078125
0 0.4453125 0.5421875 0.1125 0.078125
0 0.49453125 0.496875 0.1921875 0.075
4 0.69453125 0.86015625 0.6109375 0.2796875
2 0.88828125 0.90546875 0.0859375 0.1109375
2 0.9546875 0.55859375 0.090625 0.1234375
2 0.8546875 0.809375 0.0515625 0.1015625