3 0.14453125 0.25078125 0.2890625 0.2046875
3 0.2453125 0.3875 0.1359375 0.0625
0 0.2484375 0.24921875 0.0609375 0.0546875
0 0.26796875 0.30859375 0.0484375 0.0328125
1 0.078125 0.20234375 0.0359375 0.0359375
0 0.98046875 0.01875 0.0390625 0.0375
4 0.809375 0.11171875 0.38125 0.2234375
4 0.88828125 0.18046875 0.2234375 0.0953125
2 0.85703125 0.20078125 0.021875 0.01875
4 0.17421875 0.94609375 0.3484375 0.1078125
2 0.0984375 0.97265625 0.025 0.0546875
4 0.83203125 0.6671875 0.3359375 0.396875
2 0.8703125 0.5015625 0.04375 0.065625