3 0.40078125 0.28203125 0.2953125 0.1234375
1 0.48359375 0.2625 0.03125 0.03125
0 0.2765625 0.27421875 0.0359375 0.0359375
1 0.53828125 0.028125 0.0234375 0.04375
3 0.4296875 0.11875 0.240625 0.2375
0 0.271875 0.52109375 0.071875 0.0609375
4 0.95390625 0.17109375 0.0921875 0.0921875
4 0.95 0.35234375 0.1 0.1421875
0 0.9234375 0.16796875 0.0265625 0.0234375
0 0.89375 0.35546875 0.025 0.0265625
0 0.95625 0.48125 0.0640625 0.06875
4 0.1484375 0.98359375 0.253125 0.0328125
4 0.11484375 0.84921875 0.1234375 0.125