0 0.0640625 0.66328125 0.0515625 0.0546875
3 0.12578125 0.346875 0.2515625 0.69375
3 0.22734375 0.5671875 0.0921875 0.2484375
1 0.1640625 0.21328125 0.0703125 0.0515625
1 0.2453125 0.521875 0.01875 0.021875
0 0.90234375 0.67421875 0.0859375 0.0515625
3 0.634375 0.35 0.23125 0.7
3 0.890625 0.353125 0.21875 0.69375
1 0.5296875 0.24765625 0.021875 0.0921875
3 0.125 0.85 0.25 0.3
1 0.096875 0.9625 0.075 0.0359375
3 0.715625 0.85 0.19375 0.3
0 0.73046875 0.9578125 0.05625 0.0671875
1 0.6875 0.83046875 0.0484375 0.0203125