3 0.31953125 0.42578125 0.1703125 0.2859375
1 0.36015625 0.55703125 0.0453125 0.0234375
0 0.22890625 0.3140625 0.0140625 0.021875
0 0.43046875 0.27890625 0.0234375 0.0265625
0 0.25390625 0.3109375 0.0140625 0.0125
3 0.29921875 0.74140625 0.0546875 0.1453125
3 0.4984375 0.7125 0.040625 0.109375
3 0.59609375 0.7890625 0.1078125 0.259375
0 0.30234375 0.6828125 0.0203125 0.021875
1 0.634375 0.8265625 0.025 0.01875
3 0.76171875 0.821875 0.0546875 0.134375
0 0.7609375 0.7671875 0.015625 0.025
1 0.98359375 0.9625 0.028125 0.021875