3 0.3640625 0.38125 0.19375 0.315625
3 0.1953125 0.20703125 0.390625 0.4140625
0 0.12734375 0.446875 0.115625 0.115625
1 0.4234375 0.33359375 0.03125 0.0296875
4 0.62109375 0.3109375 0.1828125 0.45625
4 0.79765625 0.2921875 0.4046875 0.49375
2 0.6296875 0.45 0.0828125 0.034375
2 0.990625 0.21953125 0.01875 0.0765625
4 0.94609375 0.88515625 0.1078125 0.2296875
4 0.63125 0.8796875 0.203125 0.240625
0 0.6 0.9953125 0.046875 0.009375
2 0.93515625 0.86796875 0.0265625 0.021875
2 0.73125 0.9125 0.0203125 0.0203125
2 0.53984375 0.83671875 0.0203125 0.0203125