3 0.396875 0.146875 0.225 0.29375
1 0.49296875 0.0515625 0.0328125 0.04375
0 0.753125 0.56171875 0.075 0.0359375
0 0.96875 0.55546875 0.0625 0.0484375
0 0.6171875 0.51171875 0.059375 0.0578125
0 0.5296875 0.43671875 0.040625 0.0609375
0 0.53359375 0.29375 0.0484375 0.06875
3 0.40546875 0.775 0.1953125 0.196875
1 0.37109375 0.7421875 0.0265625 0.0265625
3 0.63515625 0.8765625 0.1359375 0.1359375
3 0.73359375 0.8171875 0.1171875 0.2859375
1 0.70703125 0.7453125 0.0296875 0.025
0 0.74140625 0.934375 0.0421875 0.04375