3 0.13671875 0.38828125 0.1453125 0.2234375
3 0.03359375 0.384375 0.0671875 0.228125
1 0.10625 0.43984375 0.0265625 0.0234375
3 0.609375 0.40546875 0.128125 0.1890625
0 0.446875 0.375 0.034375 0.084375
0 0.6 0.33359375 0.0359375 0.0421875
3 0.73359375 0.41015625 0.15 0.1515625
3 0.8921875 0.37265625 0.06875 0.159375
1 0.72421875 0.4453125 0.0234375 0.0203125
1 0.890625 0.396875 0.0171875 0.0140625
4 0.21484375 0.75 0.4296875 0.5
2 0.321875 0.93828125 0.215625 0.0671875
0 0.7765625 0.89375 0.015625 0.01875
0 0.55859375 0.8859375 0.0203125 0.0234375
0 0.94765625 0.9 0.01875 0.01875