3 0.0609375 0.31875 0.121875 0.3
3 0.2140625 0.2453125 0.290625 0.403125
1 0.3390625 0.11015625 0.040625 0.0484375
3 0.8578125 0.11875 0.196875 0.1953125
3 0.7359375 0.1453125 0.0796875 0.16875
3 0.96015625 0.16640625 0.0796875 0.0984375
0 0.853125 0.2328125 0.0359375 0.0421875
0 0.96640625 0.22578125 0.0203125 0.0203125
0 0.77421875 0.2296875 0.0125 0.0140625
1 0.82421875 0.08125 0.025 0.021875
3 0.08046875 0.53046875 0.1609375 0.1234375
3 0.71875 0.9703125 0.10625 0.059375
1 0.84140625 0.878125 0.0265625 0.028125