1 0.065625 0.32109375 0.0453125 0.05625
3 0.18203125 0.23671875 0.3640625 0.3640625
3 0.2640625 0.5171875 0.334375 0.1203125
0 0.40234375 0.509375 0.053125 0.0421875
1 0.2046875 0.54140625 0.03125 0.0296875
0 0.4125 0.53828125 0.0296875 0.03125
0 0.425 0.9671875 0.084375 0.065625
3 0.63515625 0.57265625 0.2109375 0.1140625
3 0.640625 0.790625 0.16875 0.0703125
3 0.6046875 0.9265625 0.15 0.146875
3 0.63046875 0.9640625 0.1046875 0.071875
1 0.55859375 0.55390625 0.021875 0.0296875
0 0.6875 0.9328125 0.0328125 0.0328125
0 0.69140625 0.98671875 0.0265625 0.0265625
1 0.54765625 0.93828125 0.021875 0.0265625