3 0.33984375 0.3265625 0.1140625 0.246875
3 0.41484375 0.36875 0.0296875 0.125
3 0.22734375 0.38359375 0.0546875 0.1328125
0 0.34453125 0.44296875 0.0390625 0.0140625
0 0.23203125 0.44453125 0.0203125 0.0109375
0 0.4234375 0.44765625 0.0125 0.0046875
1 0.37421875 0.3046875 0.025 0.021875
3 0.6140625 0.225 0.1875 0.45
1 0.596875 0.165625 0.065625 0.065625
4 0.24765625 0.875 0.065625 0.1796875
4 0.37734375 0.8015625 0.1046875 0.2375
2 0.2578125 0.84140625 0.0171875 0.015625
4 0.68828125 0.76328125 0.4015625 0.4734375
2 0.771875 0.77578125 0.0765625 0.078125