3 0.12890625 0.09296875 0.1265625 0.1859375
3 0.63125 0.22265625 0.1265625 0.2671875
3 0.890625 0.12109375 0.0375 0.1046875
3 0.76484375 0.13671875 0.0578125 0.1203125
1 0.59609375 0.259375 0.025 0.0203125
0 0.7625 0.084375 0.0140625 0.0171875
0 0.890625 0.078125 0.015625 0.015625
0 0.1703125 0.46171875 0.175 0.0640625
3 0.6984375 0.85703125 0.1234375 0.24375
0 0.6984375 0.7546875 0.0359375 0.0421875
3 0.825 0.84296875 0.075 0.21875
3 0.9765625 0.81953125 0.046875 0.1578125
1 0.8125 0.8765625 0.021875 0.01875
1 0.98203125 0.84375 0.0171875 0.0125