3 0.4921875 0.37421875 0.15 0.3375
1 0.5265625 0.31015625 0.0390625 0.0390625
3 0.18515625 0.28125 0.2296875 0.55625
0 0.225 0.50390625 0.0921875 0.0921875
1 0.228125 0.15234375 0.071875 0.071875
0 0.0890625 0.5296875 0.05625 0.059375
0 0.13046875 0.54453125 0.0328125 0.0296875
0 0.39140625 0.53125 0.0203125 0.0203125
4 0.5421875 0.80703125 0.09375 0.3859375
4 0.42265625 0.93515625 0.1859375 0.1296875
4 0.1875 0.8390625 0.28125 0.321875
2 0.56328125 0.828125 0.0515625 0.046875
2 0.1015625 0.83828125 0.0578125 0.0515625
4 0.61875 0.75078125 0.059375 0.1828125
4 0.8 0.69453125 0.175 0.2703125
0 0.82890625 0.796875 0.0484375 0.053125
2 0.6171875 0.71796875 0.01875 0.0171875