3 0.23125 0.14375 0.325 0.2875
3 0.24609375 0.36796875 0.3171875 0.0828125
3 0.13359375 0.284375 0.1546875 0.0703125
0 0.0515625 0.13203125 0.065625 0.0609375
0 0.06953125 0.28125 0.0234375 0.0203125
1 0.359375 0.05859375 0.0421875 0.04375
0 0.5390625 0.21640625 0.1234375 0.1234375
4 0.209375 0.7046875 0.41875 0.590625
3 0.66171875 0.690625 0.2234375 0.225
3 0.64296875 0.92265625 0.14375 0.14375
3 0.70703125 0.97578125 0.2921875 0.0484375
1 0.778125 0.9859375 0.025 0.028125
1 0.703125 0.64140625 0.0296875 0.0296875