3 0.5015625 0.31015625 0.115625 0.3015625
3 0.39453125 0.175 0.103125 0.103125
3 0.34765625 0.15546875 0.0375 0.121875
0 0.34921875 0.10703125 0.021875 0.0203125
1 0.77421875 0.53828125 0.04375 0.0328125
0 0.95703125 0.3296875 0.0578125 0.05625
0 0.88359375 0.34765625 0.0828125 0.0828125
0 0.75859375 0.31015625 0.0515625 0.059375
0 0.6265625 0.31953125 0.0828125 0.1078125
0 0.81640625 0.28359375 0.025 0.03125
3 0.20390625 0.890625 0.2703125 0.21875
1 0.9484375 0.78125 0.05 0.0515625
3 0.85703125 0.728125 0.2859375 0.278125