3 0.221875 0.0421875 0.21875 0.084375
1 0.22578125 0.01328125 0.0171875 0.0265625
0 0.04453125 0.178125 0.0515625 0.053125
0 0.05546875 0.0375 0.0328125 0.0328125
4 0.76953125 0.075 0.1390625 0.15
2 0.8015625 0.1828125 0.046875 0.05625
4 0.83046875 0.2296875 0.2609375 0.23125
3 0.3234375 0.440625 0.2 0.1625
3 0.19921875 0.67265625 0.1046875 0.0390625
3 0.2265625 0.54921875 0.0890625 0.0890625
1 0.3625 0.3921875 0.0234375 0.0234375
0 0.17421875 0.54296875 0.0171875 0.015625
0 0.15625 0.6703125 0.015625 0.015625
4 0.8453125 0.528125 0.290625 0.3375
2 0.8953125 0.63046875 0.0453125 0.0515625