3 0.2 0.21796875 0.4 0.1953125
1 0.35703125 0.2734375 0.0421875 0.04375
3 0.6078125 0.159375 0.415625 0.31875
1 0.5890625 0.1390625 0.08125 0.08125
3 0.296875 0.91328125 0.20625 0.1515625
3 0.253125 0.68828125 0.096875 0.0984375
3 0.24765625 0.77578125 0.153125 0.053125
0 0.22890625 0.91796875 0.0625 0.053125
0 0.190625 0.69296875 0.0203125 0.0171875
1 0.36640625 0.9921875 0.0234375 0.015625
3 0.66328125 0.6609375 0.5265625 0.315625
3 0.4921875 0.91796875 0.184375 0.1640625
1 0.5875 0.59140625 0.025 0.134375