3 0.2265625 0.165625 0.35625 0.33125
1 0.19375 0.1234375 0.0671875 0.065625
1 0.52109375 0.06328125 0.05 0.0515625
0 0.9890625 0.41484375 0.021875 0.0859375
3 0.49453125 0.2109375 0.1703125 0.421875
3 0.91171875 0.23515625 0.1765625 0.4703125
3 0.2046875 0.7546875 0.409375 0.490625
1 0.196875 0.58984375 0.1171875 0.115625
3 0.9703125 0.78359375 0.059375 0.1640625
3 0.95625 0.81484375 0.0875 0.1046875
0 0.96796875 0.875 0.0265625 0.0328125
1 0.75 0.61171875 0.0390625 0.04375
1 0.996875 0.74453125 0.00625 0.0234375