3 0.2203125 0.33125 0.340625 0.15625
1 0.28125 0.35234375 0.0375 0.0734375
3 0.765625 0.35546875 0.2390625 0.0984375
1 0.7765625 0.34921875 0.0125 0.0328125
3 0.42421875 0.71484375 0.1921875 0.090625
3 0.39453125 0.7765625 0.1421875 0.065625
3 0.484375 0.53671875 0.25 0.1140625
1 0.5796875 0.55078125 0.025 0.0328125
1 0.4484375 0.73203125 0.0140625 0.0203125
0 0.35078125 0.71796875 0.0265625 0.021875
3 0.8046875 0.7578125 0.390625 0.20625
1 0.85234375 0.73828125 0.0546875 0.0578125
3 0.7453125 0.5015625 0.271875 0.171875
1 0.8140625 0.46484375 0.034375 0.034375