3 0.015625 0.1890625 0.03125 0.121875
3 0.15625 0.28125 0.3125 0.353125
1 0.2 0.29765625 0.0421875 0.0859375
3 0.76484375 0.06015625 0.2453125 0.1203125
3 0.71015625 0.33125 0.1 0.1
1 0.8390625 0.1625 0.03125 0.034375
0 0.65546875 0.33203125 0.0265625 0.021875
3 0.04765625 0.69453125 0.0953125 0.1234375
1 0.06640625 0.67578125 0.025 0.025
3 0.66875 0.834375 0.2578125 0.1453125
3 0.646875 0.6953125 0.184375 0.184375
1 0.70234375 0.803125 0.0234375 0.0265625
0 0.55234375 0.68359375 0.0359375 0.0359375