3 0.28984375 0.30234375 0.5796875 0.2140625
1 0.44140625 0.3703125 0.0765625 0.078125
3 0.871875 0.04453125 0.1875 0.0890625
3 0.84765625 0.11953125 0.2203125 0.078125
3 0.81015625 0.278125 0.159375 0.06875
1 0.8828125 0.11015625 0.0203125 0.0234375
1 0.834375 0.2765625 0.0140625 0.0171875
0 0.04375 0.4796875 0.0875 0.090625
0 0.05 0.56640625 0.1 0.0578125
0 0.02265625 0.65 0.0453125 0.078125
0 0.03359375 0.7046875 0.0671875 0.065625
0 0.04140625 0.80859375 0.0828125 0.0484375
0 0.025 0.8671875 0.05 0.0625
0 0.02265625 0.95078125 0.0453125 0.0453125
0 0.0390625 0.98203125 0.078125 0.0359375
3 0.740625 0.58046875 0.321875 0.3421875
1 0.88828125 0.52421875 0.0484375 0.0640625